568 96 569 177
569 177 488 180
488 180 490 331
490 331 624 329
624 329 625 383
625 383 565 387
565 387 494 523
494 523 470 523
473 550 500 551
500 551 500 623
500 623 377 626
377 626 376 642
376 642 324 642
324 642 322 689
322 689 238 689
238 689 234 739
234 739 206 745
206 745 207 583
207 583 108 582
108 582 110 899
110 899 203 908
203 908 213 845
213 845 242 851
242 851 243 902
243 902 364 900
364 900 367 856
367 856 403 860
403 860 400 932
400 932 546 919
546 919 550 946
550 946 746 941
746 941 751 881
751 881 889 877
266 721 324 718
324 718 316 848
316 848 265 855
265 855 264 722
415 661 412 721
412 721 628 717
496 719 498 660
498 660 417 660
560 719 559 801
559 801 632 797
632 797 630 719
565 865 563 927
563 927 645 924
645 924 645 863
645 863 567 867
596 443 543 520
543 520 555 569
555 569 537 572
537 572 536 659
536 659 677 671
677 671 682 687
682 687 747 688
747 688 746 560
746 560 835 556
835 556 839 495
839 495 814 491
814 491 809 275
809 275 763 274
763 274 761 288
761 288 675 294
675 294 674 361
674 361 682 364
682 364 682 419
682 419 699 421
699 421 700 442
700 442 597 445
474 551 150 552
150 552 158 197
159 198 434 202
434 202 428 346
428 346 290 344
290 344 294 451
294 451 442 353
442 353 495 412
495 412 471 525
415 413 410 416
450 415 447 416
406 416 453 413
453 413 451 461
451 461 402 463
402 463 407 416
192 240 193 230
189 302 192 304
191 305 257 306
257 306 264 230
264 230 193 232
193 232 192 302
184 450 256 464
252 479 183 528
183 528 186 451
258 465 254 477
569 96 654 98
654 98 659 115
659 115 703 115
703 115 702 157
702 157 754 163
754 163 755 213
755 213 895 217
895 217 923 235
923 235 937 225
937 225 952 284
952 284 980 295
980 295 981 317
981 317 1002 322
999 387 978 467
978 467 978 494
978 494 1008 498
1008 499 1010 537
1010 537 1025 543
1025 543 1068 545
1067 602 978 600
978 600 973 609
973 609 989 613
989 613 991 630
991 630 975 632
975 632 968 689
968 689 1011 692
1011 692 1017 802
1015 850 1009 906
1009 906 897 913
897 913 890 879
798 618 792 769
792 769 847 767
847 767 851 666
851 666 918 667
918 667 923 613
923 613 801 619
605 211 712 207
712 207 709 254
709 254 655 255
655 255 655 209
1321 438 1006 323
1131 368 1243 188
1243 188 1266 197
1266 197 1273 167
1273 167 1243 142
1243 142 1250 96
1250 96 1322 98
1322 98 1330 155
1330 155 1412 159
1412 159 1414 251
1414 251 1486 288
1486 288 1572 294
1572 294 1574 319
1574 319 1601 321
1601 321 1619 293
1619 293 1692 329
1692 329 1637 436
1637 436 1629 431
1629 431 1625 483
1627 486 1655 489
1655 489 1692 555
1692 555 1691 636
1691 636 1605 640
1605 640 1633 681
1633 681 1703 681
1703 681 1698 717
1698 717 1650 726
1650 726 1630 752
1630 752 1637 820
1637 820 1598 827
1598 827 1479 945
1479 945 1431 887
1431 887 1530 786
1530 786 1534 747
1534 747 1487 745
1487 745 1485 786
1485 786 1394 785
1394 785 1393 812
1393 812 1359 808
1359 808 1226 879
1226 879 1167 767
1167 767 1016 852
1019 802 1040 663
1040 663 1039 601
1037 544 1036 419
1036 419 1000 390
1112 438 1115 538
1115 538 1136 544
1136 544 1152 730
1152 730 1190 706
1190 706 1164 670
1164 670 1166 544
1166 544 1237 545
1237 545 1238 535
1238 535 1141 536
1141 536 1116 513
1115 436 1190 437
1190 437 1191 487
1191 487 1115 479
1302 346 1323 302
1323 302 1338 312
1338 312 1330 345
1330 345 1360 361
1360 361 1360 465
1360 465 1385 500
1385 500 1401 500
1401 500 1402 521
1402 521 1369 523
1369 523 1338 469
1338 469 1345 372
1345 372 1342 371
1302 347 1347 373
1504 537 1584 544
1584 544 1582 580
1582 580 1532 603
1532 603 1575 711
1575 711 1438 714
1438 714 1417 561
1417 561 1506 539
1459 425 1461 452
1461 452 1522 457
1522 457 1522 425
1522 425 1460 427
1262 632 1263 632
1263 632 1273 654
1276 656 1310 641
1310 641 1394 738
1394 738 1415 735
1415 735 1410 701
1410 701 1381 696
1381 696 1373 620
1373 620 1314 604
1314 604 1263 632
1204 666 1220 692
1220 692 1237 678
1237 678 1221 648
1221 648 1207 668
