5 665 74 670
74 670 76 766
76 765 91 763
91 764 91 706
91 706 178 710
177 710 175 672
175 672 221 677
221 677 221 657
221 656 330 661
330 661 333 616
333 616 302 613
302 613 306 585
306 585 335 587
312 565 338 588
313 566 387 512
387 512 380 485
380 485 448 490
448 490 442 456
442 456 337 453
337 453 339 343
339 343 389 342
389 342 391 278
391 278 484 281
484 281 482 299
482 299 527 298
527 298 531 327
531 327 577 331
577 331 570 363
570 363 681 365
681 365 685 388
685 388 739 392
739 392 737 424
737 424 804 427
804 427 803 393
806 392 855 396
855 396 849 322
849 322 819 320
819 320 816 271
816 271 582 267
582 267 580 163
580 163 635 172
635 172 642 116
641 114 694 116
694 116 693 166
693 166 833 164
833 164 836 13
836 13 909 14
909 14 906 107
906 107 991 108
991 108 1029 129
1029 129 1031 225
1031 225 1045 224
1045 224 1040 139
1040 138 1107 141
1107 141 1108 167
1108 167 1222 172
1221 173 1222 186
1222 186 1289 199
1289 199 1291 217
1291 217 1360 223
1360 223 1386 204
1386 204 1386 170
1386 170 1440 166
1440 166 1436 119
1436 119 1629 125
1629 125 1629 66
1629 66 1769 69
1769 69 1768 128
1768 128 1780 129
1780 129 1783 226
1783 226 1824 224
1824 224 1827 320
1827 320 1791 322
1791 322 1778 348
1778 348 1776 472
1776 472 1822 474
1822 476 1824 644
1824 644 1609 642
1609 642 1610 537
1610 537 1566 516
1566 516 1550 517
1550 517 1550 539
1550 539 1566 535
1566 535 1563 763
1563 763 1468 756
1468 756 1467 797
1467 797 1484 804
1484 804 1486 1003
1487 1004 1269 1015
1269 1015 1259 890
1259 890 704 882
1371 806 1127 800
1127 800 1126 709
1126 709 1079 708
1079 708 1076 729
1076 729 1029 728
1029 728 1010 708
1010 708 923 709
923 709 925 806
925 806 913 804
913 804 916 705
916 705 1015 706
1015 706 1012 684
1012 684 1034 672
1034 672 1053 673
1053 673 1054 643
1054 643 1036 581
1036 581 1039 556
1039 556 1013 558
1013 558 1014 537
1014 537 965 538
965 538 962 492
982 489 979 474
982 475 1075 472
1075 472 1091 466
1093 466 1106 452
1106 452 1108 434
1108 434 1112 414
1112 414 1239 416
1239 417 1243 453
1243 453 1231 459
1231 458 1234 502
1234 502 1241 503
1241 503 1244 529
1244 529 1208 533
1208 533 1208 548
1210 548 1232 548
1232 548 1233 533
1312 564 1307 565
1307 565 1307 569
1307 569 1313 571
1313 571 1314 565
1316 566 1320 563
1322 566 1322 571
1317 571 1315 565
1320 571 1316 571
1208 547 1208 575
1208 575 1177 576
1177 576 1196 638
1196 638 1239 642
1239 642 1239 802
1274 638 1275 753
1275 753 1293 767
1293 767 1384 769
1384 769 1396 757
1396 757 1393 731
1393 731 1405 728
1405 728 1401 706
1401 706 1423 707
1423 707 1422 692
1422 692 1403 691
1403 691 1403 707
1397 644 1399 667
1399 667 1405 662
1407 661 1410 665
1410 668 1407 669
1403 669 1402 668
1401 668 1403 693
1402 678 1422 674
1422 674 1426 688
1426 688 1412 693
1275 639 1292 622
1292 622 1386 623
1386 623 1401 634
1401 634 1398 646
1518 671 1538 667
1538 667 1553 703
1553 703 1534 708
1534 708 1517 673
1335 569 1353 585
1353 585 1488 585
1488 586 1489 628
1489 628 1512 629
1512 629 1512 617
1512 617 1501 617
1501 617 1501 522
1501 522 1494 522
1494 522 1494 449
1494 449 1539 437
1539 437 1683 436
1683 436 1683 428
1683 428 1681 428
1681 428 1677 403
1677 403 1687 403
1686 403 1685 373
1685 373 1679 374
1679 374 1679 327
1679 327 1686 324
1686 324 1688 277
1688 277 1597 276
1597 276 1594 267
1594 267 1499 268
1499 268 1498 410
1498 411 1498 412
1347 413 1351 415
1498 412 1349 414
1349 414 1338 425
1338 428 1337 571
1772 528 1771 643
1772 530 1777 530
1777 530 1778 617
1779 619 1778 643
1691 642 1690 521
1689 521 1683 521
1683 521 1682 641
1780 259 1799 252
1799 252 1813 290
1813 290 1794 298
1794 298 1778 263
1688 120 1685 216
1685 216 1637 215
1637 215 1633 199
1633 199 1503 197
1503 197 1500 267
1292 285 1370 286
1370 286 1394 274
1394 274 1440 274
1440 274 1442 300
1442 300 1434 301
1434 301 1430 371
1430 371 1387 371
1387 371 1385 361
1385 361 1334 363
1334 363 1336 372
1336 372 1288 372
1288 372 1293 286
1467 325 1499 326
847 558 845 646
845 646 853 647
853 647 852 702
852 702 843 701
843 701 843 780
843 780 818 800
818 800 773 803
773 803 771 623
771 623 688 621
688 621 686 572
686 572 804 569
804 569 809 475
809 475 900 477
900 477 897 488
897 488 932 489
932 489 931 537
931 537 885 539
885 539 881 556
881 556 848 556
652 571 653 621
653 621 579 620
653 572 574 570
574 570 575 531
575 531 497 528
497 528 501 576
501 576 575 578
575 578 579 620
425 552 421 629
421 629 382 630
382 630 382 597
382 597 415 550
415 550 425 553
576 532 576 410
445 329 486 332
486 332 487 364
487 364 441 365
441 365 444 330
702 881 703 823
703 823 573 821
573 821 567 742
567 743 497 741
497 741 503 1018
503 1018 361 1023
362 1024 373 872
373 872 251 875
251 875 250 929
250 929 137 925
137 925 136 849
136 849 166 852
166 852 169 874
166 854 165 746
165 746 123 750
123 750 119 788
119 788 0 800
0 800 6 668
883 398 950 399
950 399 955 420
955 420 1076 418
1060 418 1060 417
1060 373 1062 419
1061 373 1241 373
1241 373 1240 359
1240 359 1248 358
1248 358 1248 349
1248 349 1222 350
1222 350 1222 329
1222 329 1211 327
1211 327 1213 293
1213 293 1221 295
1221 295 1222 265
1222 265 1025 264
1025 264 1020 303
1020 303 964 362
964 362 930 361
930 361 930 322
930 322 883 322
883 322 883 400
930 108 931 192
931 192 901 193
223 741 383 744
383 744 378 812
378 812 226 743
963 494 983 488
1503 529 1516 539
1550 534 1537 526
1250 355 1258 349
1290 356 1275 360
