889 691 972 676
972 676 978 817
978 817 987 819
987 819 1000 738
1000 738 1034 740
1034 740 1032 750
1032 750 1103 744
1103 744 1102 692
1102 692 1162 696
1162 696 1161 667
1161 667 1306 668
1306 668 1310 579
1310 579 1279 578
1279 578 1272 549
1272 549 1304 549
1304 549 1381 393
1381 393 1443 392
1443 392 1438 333
1438 333 1285 331
1285 331 1291 262
1290 204 1289 140
1289 140 1383 137
1383 137 1380 67
1380 67 1478 66
1478 66 1483 93
1483 93 1537 87
1537 87 1535 136
1535 136 1595 136
1595 136 1598 190
1598 190 1577 191
1577 191 1578 201
1578 201 1619 208
1619 208 1623 220
1623 220 1637 220
1637 220 1638 207
1638 207 1668 201
1668 201 1676 208
1676 208 1755 207
1755 207 1782 231
1782 231 1800 213
1800 213 1808 225
1808 225 1819 273
1819 273 1847 287
1847 287 1846 318
1846 318 1878 328
1878 328 1870 430
1870 430 1847 488
1847 488 1848 519
1848 519 1883 526
1883 526 1886 575
1887 576 1901 578
1901 578 1902 643
1902 643 1841 640
1841 640 1842 656
1842 656 1861 658
1861 658 1861 686
1861 686 1840 685
1840 685 1843 749
1843 749 1882 751
1882 751 1896 898
1896 898 1884 906
1884 906 1888 951
1888 951 1900 950
1899 950 1894 988
1894 988 1846 999
1846 999 1755 999
1754 999 1756 937
1755 936 1731 934
1731 934 1729 965
1729 965 1584 965
1584 965 1584 1032
1584 1032 1508 1034
1508 1034 1512 1057
1512 1057 1459 1057
1460 1058 1458 1049
1350 1036 1460 1050
1352 1036 1351 995
1351 995 1255 991
1255 991 1255 998
1255 998 1219 999
1219 999 1220 1023
1220 1023 1186 1022
1186 1022 1186 941
1186 941 1147 939
1147 939 1150 989
1150 989 1007 990
1007 990 1006 940
1006 940 993 936
993 923 974 921
973 920 972 931
972 931 940 925
940 925 940 872
940 872 917 900
917 900 895 896
895 896 892 849
889 693 895 752
981 848 977 873
977 873 1034 877
1034 877 1037 934
1037 934 1067 934
1067 934 1064 825
1064 825 1095 822
1095 822 1096 778
1096 778 1034 781
1034 781 1031 816
1031 816 1024 847
1024 847 981 852
1292 262 1177 253
1177 253 1150 302
1150 302 1037 304
1037 304 1042 369
1290 205 1191 194
1191 194 1154 103
1154 103 1033 88
1033 88 882 191
882 191 846 316
846 316 973 308
972 308 986 361
986 361 874 409
874 409 872 608
872 608 1197 629
1197 629 1192 511
1192 511 1064 513
1064 513 1042 369
937 384 942 537
973 310 1038 187
1195 573 1007 567
1177 160 1103 234
1150 786 1150 868
1150 868 1190 869
1190 869 1260 869
1260 869 1264 823
1151 787 1307 789
1307 789 1307 823
1307 823 1264 825
1199 787 1200 710
1200 710 1296 711
1296 711 1297 786
1297 786 1350 785
1350 785 1350 840
1350 840 1300 839
1300 839 1299 824
1367 777 1363 872
1363 872 1452 869
1452 869 1448 779
1448 779 1369 778
1340 612 1339 643
1339 642 1336 644
1336 644 1337 710
1353 713 1383 710
1356 714 1338 710
1382 710 1382 723
1382 723 1416 726
1416 726 1414 712
1414 712 1456 715
1456 715 1486 721
1486 721 1511 718
1511 718 1511 736
1511 736 1584 737
1584 737 1585 687
1585 687 1599 686
1599 686 1599 613
1599 613 1577 613
1577 613 1578 587
1578 587 1600 588
1600 588 1601 597
1601 597 1690 593
1690 593 1691 520
1691 520 1655 514
1655 514 1657 268
1657 268 1599 267
1599 267 1600 289
1600 289 1498 287
1498 287 1497 376
1498 377 1511 377
1511 377 1512 439
1512 439 1524 440
1524 440 1525 464
1525 464 1403 464
1403 464 1354 555
1354 555 1360 559
1361 562 1359 609
1359 609 1341 613
1428 923 1376 993
1376 992 1456 986
1456 986 1429 924
1512 782 1509 860
1510 862 1556 863
1556 863 1556 791
1556 789 1514 784
1586 903 1586 936
1586 936 1702 936
1702 934 1703 909
1703 909 1588 904
1588 904 1580 787
1640 655 1636 841
1636 841 1724 840
1698 839 1698 710
1698 710 1779 715
1779 715 1781 655
1781 655 1642 656
1724 520 1726 596
1726 595 1840 605
1840 605 1838 577
1838 577 1808 576
1808 576 1805 518
1805 518 1725 520
1679 383 1676 440
1676 440 1792 440
1792 440 1793 382
1793 382 1680 384
1255 941 1254 961
1254 961 1353 961
1353 961 1348 926
1348 926 1268 922
1268 922 1269 945
1269 945 1256 942
896 753 743 744
743 744 749 600
749 600 822 604
822 604 838 146
838 146 222 112
222 112 223 503
223 503 521 521
521 521 511 752
511 752 164 733
165 733 175 1063
175 1063 854 1070
854 1070 861 849
861 849 894 851
309 199 293 266
293 266 374 272
374 272 382 203
382 203 310 200
654 184 638 303
639 305 744 318
744 318 754 198
754 198 656 186
269 504 333 472
333 473 352 508
352 508 427 485
427 485 441 514
441 514 478 487
479 487 515 520
172 902 457 844
457 845 326 957
281 880 297 783
406 856 517 799
370 924 528 910
239 965 230 1021
230 1021 315 1016
313 967 315 1018
315 969 241 968
659 895 626 912
613 955 632 978
664 987 714 965
714 965 659 895
489 965 473 1009
475 1011 479 1014
483 1016 488 1018
494 1020 500 1021
508 1022 513 1022
521 1022 528 1018
532 1015 535 1012
539 1009 540 1005
541 1001 541 994
539 987 538 983
535 981 531 976
529 973 526 970
523 969 520 967
517 966 513 966
509 966 507 966
506 965 504 965
501 965 500 965
499 965 496 965
495 965 494 966
491 967 490 967
517 616 614 704
745 707 636 610
627 913 615 956
632 979 665 988
681 235 674 274
674 274 705 279
705 279 714 241
714 241 683 234
696 245 692 265
