42 742
42 737
42 732
42 727
42 722
42 717
42 712
42 707
42 702
47 697
52 702
57 707
57 712
57 717
57 722
57 727
57 732
57 737
57 742
57 747
57 752
57 757
62 762
67 767
72 772
77 772
82 767
87 762
92 757
97 752
102 747
102 742
102 737
107 732
112 727
117 722
122 717
127 712
132 707
137 707
142 707
147 707
152 707
157 707
162 707
167 707
172 707
177 707
182 702
187 697
192 692
197 687
202 682
207 677
212 677
217 677
222 672
227 667
232 672
237 672
242 672
247 672
252 672
257 672
262 672
267 672
272 672
277 672
282 672
287 672
292 672
297 672
302 672
307 672
312 672
317 672
322 672
327 672
332 672
337 672
342 672
347 672
352 672
357 672
362 672
367 672
372 672
377 672
382 672
387 672
392 672
397 672
402 672
407 672
412 672
417 672
422 672
427 672
432 672
437 672
442 672
447 672
452 672
457 672
462 672
467 672
472 672
477 672
482 672
487 672
492 672
497 672
502 672
507 672
512 672
517 672
522 672
527 672
532 672
537 672
542 672
547 672
552 672
557 672
562 672
567 672
572 672
577 672
582 672
