209 256
209 261
214 266
219 271
224 276
229 281
234 281
239 281
239 276
239 271
239 266
239 261
239 256
239 251
239 246
239 241
239 236
239 231
239 226
234 226
229 226
224 226
219 226
214 226
209 226
204 226
199 231
199 236
199 241
199 246
199 251
199 256
199 261
199 266
199 271
199 276
199 281
199 286
204 286
209 286
214 286
219 286
224 286
229 286
234 286
239 286
239 281
239 276
239 271
239 266
239 261
239 256
239 251
239 246
239 241
239 236
239 231
239 226
229 226
224 226
219 226
214 226
209 226
204 226
199 231
194 236
189 241
189 246
189 251
189 256
189 261
189 266
189 271
189 276
189 281
189 286
194 286
199 286
204 286
209 286
214 286
219 286
224 286
229 286
234 286
239 286
239 281
239 276
239 271
239 266
239 261
239 256
239 251
239 246
239 241
239 236
239 231
239 226
234 226
229 226
224 226
219 226
214 226
209 226
204 226
199 231
194 236
189 241
189 246
189 251
189 256
189 261
189 266
189 271
189 276
189 281
189 286
194 286
199 286
204 286
209 286
214 286
219 286
224 286
229 286
234 286
239 286
239 281
239 276
239 271
239 266
239 261
239 256
239 251
239 246
239 241
239 236
239 231
239 226
234 226
229 226
224 226
219 226
214 226
209 226
204 226
194 236
189 241
189 246
189 251
189 256
189 261
189 266
189 271
189 276
189 281
189 286
194 286
