593 214
593 219
598 224
603 229
608 234
613 239
618 244
623 249
628 254
633 259
638 264
643 269
648 274
653 279
653 284
648 284
643 289
643 294
643 299
643 304
643 309
643 314
643 319
643 324
643 329
643 334
643 339
643 344
643 349
643 354
643 359
643 364
643 369
643 374
643 379
638 379
633 384
628 389
623 394
618 399
613 404
608 409
603 414
598 419
593 424
593 429
588 424
578 424
573 429
568 434
563 439
558 444
553 449
548 454
543 459
538 464
533 469
528 474
523 479
518 484
513 489
508 494
503 499
498 504
498 509
498 514
498 519
498 524
498 529
498 534
498 539
498 544
498 549
498 554
498 559
498 564
498 569
498 574
498 579
498 584
498 589
498 594
498 599
498 604
498 609
498 614
498 619
498 624
498 629
503 634
508 639
513 644
518 649
518 654
523 659
528 664
533 669
538 674
543 679
548 684
553 689
558 694
563 699
568 699
573 699
578 699
583 699
588 699
593 699
598 699
603 699
608 699
613 699
618 699
623 699
628 699
633 704
638 709
643 714
648 719
653 724
658 729
663 734
668 739
673 744
678 749
683 754
688 759
693 764
698 769
703 774
703 784
698 789
693 794
688 799
683 804
678 809
673 814
668 819
673 819
678 819
683 819
688 819
693 819
698 819
703 819
708 819
713 819
718 819
723 819
728 819
733 819
738 819
743 819
748 819
753 819
758 819
763 819
768 819
773 819
778 819
783 819
788 819
793 819
798 819
803 819
808 819
813 819
818 819
823 819
828 819
833 819
838 819
843 819
848 819
853 819
858 819
863 819
868 819
873 819
878 819
883 819
888 819
893 819
898 819
903 824
903 819
903 814
903 809
903 804
903 799
903 794
903 789
903 784
903 779
903 774
903 769
903 764
903 759
903 754
903 749
908 744
913 739
918 734
918 729
918 724
918 719
918 714
918 709
918 704
918 699
923 694
923 689
923 684
923 679
923 674
923 669
923 664
923 659
923 654
923 649
923 644
923 639
923 634
923 629
923 624
918 619
913 614
913 609
918 609
923 609
928 609
933 609
938 609
943 609
948 609
953 609
958 609
968 609
963 609
958 609
953 609
948 604
943 599
938 594
933 589
928 584
923 579
918 574
913 569
908 564
903 564
898 564
893 564
888 564
883 564
878 564
873 569
873 564
878 559
883 554
888 549
893 544
893 539
898 534
903 529
908 524
913 519
918 514
923 509
928 504
933 499
938 494
943 489
948 484
943 484
938 479
938 474
938 469
938 464
938 459
938 454
938 449
938 444
938 439
938 434
938 429
938 424
938 419
938 414
938 409
938 404
938 399
938 394
933 389
933 384
928 379
928 374
928 369
933 369
933 364
933 359
938 354
943 354
948 354
953 354
958 354
963 354
968 354
973 354
978 354
983 354
988 354
993 354
998 354
1003 354
1008 354
1013 354
1018 354
1023 354
1028 354
1033 354
1038 354
1043 354
1048 354
1053 354
1058 359
1063 364
1063 369
1063 374
1063 379
1063 384
1068 384
1073 384
1078 384
1083 384
1088 384
1093 384
1098 384
1103 384
1108 384
1113 384
1118 384
1123 384
1128 384
1133 384
1138 384
1143 384
1148 384
1153 384
1158 384
1163 384
1168 384
1173 384
1178 384
1188 374
1193 369
1193 364
1198 364
1203 369
1208 369
1213 369
1218 369
1223 369
1228 369
1233 369
1238 369
1238 374
1238 379
1238 384
1238 389
1238 394
1238 399
1238 404
1238 409
1238 414
1238 419
1238 424
1243 429
1248 434
1253 439
1258 444
1263 449
1268 454
1268 459
1268 464
1268 469
1268 474
1268 479
1268 484
1268 489
1268 494
1268 499
1268 504
1268 509
1268 514
1273 519
1278 519
1283 519
1288 519
1293 519
1298 519
1303 519
1308 519
1313 519
1318 519
1323 519
1328 519
1333 519
1338 519
1343 519
1348 519
1353 519
1358 519
1363 519
1368 519
1373 519
1378 519
1383 519
1388 519
1393 519
1398 519
1403 519
1408 519
1413 519
1418 519
1423 519
1428 514
1433 509
1433 504
1433 499
1433 494
1433 489
1433 484
1433 479
1433 474
1433 469
1438 464
1443 464
1448 464
1453 464
1458 464
1463 464
1468 464
1473 464
1478 464
1483 464
1488 464
1493 464
1498 464
1503 464
1508 464
1513 464
1518 464
1523 464
1528 464
1533 464
1538 464
1543 464
1548 464
1553 464
1558 469
1563 474
1568 479
1573 484
1578 489
1583 494
1588 499
1593 504
1598 509
1603 514
1608 519
1613 524
1608 529
1603 534
1603 539
1603 544
1603 549
1603 554
1603 559
1603 564
1603 569
1603 574
1603 579
1603 584
1603 589
1598 594
1593 594
1588 594
1583 594
1578 594
1573 594
1568 594
1563 594
1563 599
1563 604
1563 609
1563 614
1563 619
1563 624
1563 629
1563 634
1563 639
1563 644
1563 649
1563 654
1563 659
1563 664
1563 669
1563 674
1563 679
1568 679
1568 684
1573 684
1573 689
1578 689
1583 694
1583 699
1583 704
1583 709
1583 714
1583 719
1583 724
1583 729
1583 734
1583 739
1583 744
1583 749
1583 754
1578 759
1573 764
1568 769
1563 774
1558 779
1553 784
1548 789
1543 794
1538 799
1533 804
1528 809
1528 814
1533 814
1538 809
1538 804
1538 799
1538 794
1538 789
1538 784
1538 779
1538 774
1538 769
1538 764
1533 759
1538 754
1543 749
1543 744
1543 739
1543 734
1543 729
1543 724
1543 719
1543 714
1543 709
1538 709
1533 709
1528 709
1523 709
1518 709
1513 709
1508 709
1503 709
1498 709
1488 719
1483 719
1478 719
1473 719
1468 719
1463 719
1458 719
1453 719
1448 719
1443 719
1438 719
1433 724
1433 729
1433 734
1433 739
1433 744
1433 749
1433 754
1433 759
1433 764
1433 769
1428 769
1423 769
1418 769
1413 769
1408 769
1403 769
593 214
593 219
593 224
593 229
593 234
593 239
593 244
593 249
593 254
598 254
603 254
608 254
613 254
618 254
623 254
628 254
633 254
638 254
643 259
643 264
643 269
643 274
643 279
643 284
643 289
643 294
643 299
643 304
643 309
643 314
643 319
643 324
643 329
643 334
643 339
643 344
643 349
643 354
643 359
643 364
643 369
643 374
643 379
643 384
643 389
653 399
658 404
653 409
648 409
643 409
638 409
633 409
628 409
623 409
618 409
613 409
608 409
603 409
598 409
593 409
588 414
583 414
578 414
573 419
568 424
563 429
558 434
553 434
548 434
548 439
543 444
538 449
538 454
538 459
538 464
538 469
538 474
538 479
538 484
538 489
528 494
523 494
518 494
513 494
508 494
503 494
503 499
503 504
503 509
503 514
503 519
503 524
503 529
503 534
503 539
503 544
503 549
503 554
503 559
503 564
503 569
503 574
503 579
503 584
503 589
503 594
503 599
503 604
503 609
503 614
503 619
503 624
503 629
513 639
513 644
513 649
513 654
513 659
513 664
513 669
518 674
523 674
528 674
533 674
538 674
543 674
548 674
553 674
558 674
563 674
568 674
573 674
578 674
583 674
588 674
593 674
598 674
603 674
608 674
613 674
618 674
623 674
628 674
633 674
638 679
638 684
638 689
638 694
638 699
638 704
638 709
638 714
638 719
638 724
638 729
638 734
638 739
638 744
638 749
638 754
638 759
638 764
638 769
638 774
638 779
638 784
638 789
638 794
638 799
643 804
648 804
653 804
658 804
663 804
668 804
673 804
678 804
683 804
688 809
693 809
698 809
703 809
708 809
713 809
718 809
723 809
728 809
733 809
738 809
743 809
748 809
753 809
758 809
763 809
768 809
773 809
778 809
783 809
788 814
788 819
788 824
788 829
788 834
788 839
793 844
798 844
803 844
808 844
813 844
818 844
823 844
828 844
833 844
838 844
843 844
848 844
853 844
858 844
863 844
868 844
873 844
878 844
883 844
888 844
893 849
898 849
898 844
898 839
898 834
898 829
898 824
898 819
898 814
898 809
903 804
908 804
908 799
908 794
908 789
908 784
908 779
908 774
908 769
908 764
908 759
908 754
908 749
913 744
913 739
918 734
923 729
923 724
923 719
923 714
923 709
923 704
923 699
923 694
923 689
923 684
923 679
923 674
923 669
923 664
923 659
923 654
923 649
923 644
923 639
923 634
923 629
923 624
923 619
923 614
923 609
923 604
923 599
923 594
923 589
923 584
923 579
918 574
913 574
908 574
903 574
898 574
893 574
888 574
883 574
883 569
883 564
883 559
883 554
883 549
883 544
883 539
883 534
883 529
883 524
883 519
883 514
883 509
883 504
883 499
883 494
883 489
883 484
883 479
883 474
883 469
883 464
883 459
883 454
883 449
883 444
883 439
888 434
893 434
893 429
898 424
903 419
908 419
908 414
913 414
913 409
913 404
913 399
913 394
913 389
913 384
913 379
913 374
918 374
923 374
928 374
933 374
938 374
943 374
948 374
953 374
958 374
963 374
963 369
968 364
973 364
978 364
983 364
988 364
993 364
998 364
1003 364
1008 364
1013 364
1018 364
1023 364
1028 364
1033 364
1038 364
1043 364
1048 364
1053 364
1058 364
1063 364
1068 364
1073 364
1078 364
1083 364
1088 364
1093 369
1098 374
1103 374
1108 374
1113 374
1118 374
1123 374
1128 374
1133 374
1138 374
1143 374
1148 374
1153 374
1158 374
1163 374
1168 374
1173 374
1178 374
1183 374
1188 374
1193 374
1198 374
1203 374
1208 374
1213 374
1218 374
1223 374
1228 374
1233 374
1238 379
1238 384
1238 389
1238 394
1238 399
1238 404
1238 409
1238 414
1238 419
1238 424
1248 434
1253 434
1258 434
1263 439
1263 444
1263 449
1263 454
1263 459
1263 464
1263 469
1263 474
1263 479
1263 484
1263 489
1263 494
1263 499
1263 504
1263 509
1263 514
1263 519
1263 524
1263 529
1263 534
1263 539
1258 544
1253 549
1248 554
1243 559
1238 559
1238 564
1238 569
1238 574
1238 579
1238 584
1238 589
1238 594
1238 599
1238 604
1238 609
1238 614
1238 619
1238 624
1238 629
1238 634
1238 639
1238 644
1238 649
1238 654
1238 659
1238 664
1238 669
1238 674
1238 679
1238 684
1238 689
1238 694
1238 699
1238 704
1238 709
1238 714
1238 719
1238 724
1238 729
1238 734
1238 739
1238 744
1233 749
1238 749
1243 749
1248 749
1253 749
1258 749
1263 749
1268 749
1273 749
1278 749
1283 749
1288 749
1293 749
1298 749
1303 749
1308 749
1313 749
1318 749
1323 749
1328 749
1333 749
1338 749
1343 749
1348 749
1353 749
1358 749
1363 749
1368 749
1373 749
1378 749
1383 749
1388 744
1393 739
1398 739
1403 739
1408 739
1413 739
1418 739
1423 739
1428 739
1433 739
1438 739
1443 739
1448 739
1453 734
1458 734
1458 729
1463 729
1468 729
1473 729
1478 729
1483 729
1488 729
1493 729
1498 729
1503 729
1508 729
1513 729
1518 729
1523 729
1528 729
1533 729
1538 729
1543 734
1548 739
1553 734
1558 734
1563 734
1568 734
1573 734
1578 734
1583 734
1588 734
1593 729
1593 724
1588 719
1593 714
1593 709
1593 704
1593 699
1593 694
1593 689
1593 684
1593 679
1593 674
1593 669
1593 664
1593 659
1593 654
1588 649
1593 644
1593 639
1588 639
1588 634
1588 629
1588 624
1588 619
1588 614
1588 609
1588 604
1588 599
1588 594
1588 589
1588 584
1588 579
1588 574
1588 569
1588 564
1588 559
1588 554
1588 549
1588 544
1588 539
1588 534
1588 529
1578 519
1573 514
1568 509
1563 504
1558 499
1553 494
1548 489
1543 484
1538 479
1533 474
1528 469
1523 469
1518 469
1513 469
1508 469
1503 469
1498 469
1493 469
1488 469
1483 469
1478 469
1473 469
1468 469
1463 469
1458 469
1453 469
1448 469
593 214
593 219
598 224
603 229
608 234
613 239
618 244
623 249
628 254
633 259
638 264
643 269
648 274
653 279
658 284
658 289
658 294
658 299
658 304
658 309
658 314
658 319
658 324
658 329
658 334
658 339
658 344
658 349
658 354
658 359
663 364
663 369
663 374
663 379
663 384
658 389
653 394
648 399
643 404
638 409
633 414
628 419
623 424
618 424
613 424
608 424
603 424
598 429
593 429
593 424
588 424
583 424
578 424
573 429
568 434
563 439
558 444
553 449
548 454
543 459
538 464
533 469
528 474
523 479
518 484
518 489
518 494
518 499
518 504
518 509
518 514
518 519
518 524
518 529
518 534
518 539
518 544
518 549
518 554
518 559
518 564
518 569
518 574
518 579
518 584
518 589
518 594
518 599
518 604
518 609
518 614
518 619
518 624
518 629
518 634
518 639
518 644
518 649
518 654
518 659
518 664
518 669
528 679
533 684
538 689
543 694
548 699
553 699
558 699
563 699
568 699
573 699
578 699
583 699
588 699
593 699
598 699
603 699
608 699
613 699
618 699
623 699
628 699
633 704
638 709
643 714
648 719
648 724
648 729
653 734
658 739
663 744
668 749
673 754
678 759
683 764
688 769
693 774
698 779
703 779
698 779
693 779
688 779
683 779
688 779
693 779
698 779
703 779
708 779
713 779
718 779
723 779
728 779
733 779
738 779
743 779
748 779
753 779
758 779
763 779
768 779
773 779
778 779
783 779
788 779
793 779
798 779
803 779
808 779
813 779
818 779
823 779
828 779
833 779
838 779
843 779
848 779
853 779
858 779
863 779
868 779
873 779
878 779
883 779
888 779
893 779
898 779
903 779
908 779
913 779
918 779
923 779
928 779
928 784
928 779
928 774
928 769
928 764
928 759
928 754
928 749
928 744
928 739
928 734
928 729
928 724
928 719
928 714
928 709
928 704
928 699
928 694
928 689
928 684
928 679
928 674
928 669
928 664
928 659
928 654
928 649
928 644
928 639
928 634
928 629
928 624
928 619
928 614
928 609
928 604
928 599
928 594
928 589
928 584
928 579
928 574
928 569
928 564
928 559
928 554
928 549
928 544
928 539
928 534
928 529
928 524
928 519
928 514
928 509
928 504
928 499
928 494
928 489
928 484
928 479
928 474
928 469
928 464
928 459
928 454
928 449
928 444
928 439
928 434
923 429
918 424
913 419
908 414
903 409
898 404
893 399
888 394
883 389
878 384
873 379
868 374
863 369
858 364
853 359
858 359
863 359
868 359
873 359
878 359
883 359
888 359
893 359
898 359
903 359
908 359
913 359
918 359
923 359
928 359
933 359
938 359
943 359
948 359
953 359
958 359
963 359
968 359
973 359
978 359
983 359
988 359
993 359
998 359
1003 359
1008 359
1013 359
1018 359
1023 359
1033 369
1038 369
1043 374
1048 379
1053 384
1058 389
1063 394
1068 394
1073 394
1078 394
1083 394
1088 394
1093 394
1098 394
1103 394
1108 394
1113 394
1118 394
1123 394
1128 394
1133 394
1138 394
1143 394
1148 394
1153 394
1158 394
1163 394
1168 394
1173 394
1178 394
1183 394
1188 394
1193 394
1198 394
1203 394
1208 399
1213 404
1218 409
1223 414
1228 419
1233 424
1238 429
1243 434
1248 439
1253 444
1258 449
1263 454
1268 459
1273 464
1278 469
1283 474
1288 479
1293 484
1298 489
1303 494
1308 499
1313 504
1318 509
1323 514
1328 519
1333 524
1338 529
1343 529
1348 529
1353 529
1358 529
1363 529
1368 529
1373 529
1378 529
1383 529
1388 529
1393 529
1398 529
1403 529
1408 529
1413 529
1418 529
1423 529
1428 529
1433 529
1438 529
1443 529
1448 529
1453 529
1458 529
1463 529
1458 529
1453 529
1448 534
1443 534
1438 534
1433 534
1428 539
1423 539
1418 539
1413 539
1408 544
1403 544
1398 544
1393 549
1388 554
1383 559
1378 564
1373 569
1368 574
1363 579
1358 584
1353 589
1348 594
1343 594
1338 594
1333 594
1328 594
1323 589
1318 589
1313 589
1308 584
1303 584
1298 584
1293 589
1288 589
1283 594
1278 599
1273 599
1268 604
1263 604
1258 609
1253 609
1248 614
1243 614
1238 619
1233 624
1233 629
1238 634
1243 639
1248 644
1248 649
1253 654
1258 659
1263 664
1268 669
1273 674
1278 679
1283 684
1288 689
1293 694
1298 699
1303 704
1308 709
1313 714
1318 719
1323 724
1328 729
1333 734
1338 739
1343 744
1348 749
1353 754
1358 759
1363 764
1368 769
1373 769
1378 764
1383 759
1388 754
1393 749
1398 744
1403 739
1408 734
1413 734
1418 729
1423 724
1428 719
1433 714
1438 714
1443 709
1448 709
1453 709
1458 709
1463 709
1468 709
1473 709
1478 709
1483 709
1488 709
1493 709
1498 709
1503 709
1508 709
1513 714
1518 719
1523 724
1528 729
1533 729
1538 734
1543 739
1548 744
1553 749
1558 754
1563 759
1568 764
1573 769
1578 774
593 214
593 219
593 224
593 229
593 234
593 239
593 244
593 249
593 254
593 259
593 264
593 269
593 274
593 279
593 284
593 289
593 294
598 294
603 294
608 294
613 294
618 294
623 294
628 294
633 294
633 299
628 304
623 309
623 314
623 319
623 324
623 329
623 334
623 339
623 344
623 349
623 354
623 359
623 364
623 369
623 374
623 379
623 384
623 389
623 394
623 399
623 404
623 409
623 414
623 419
623 424
628 424
633 424
638 424
633 424
628 424
623 424
618 424
613 424
608 424
603 424
598 424
593 424
588 424
583 424
578 424
573 424
568 424
563 424
558 424
553 424
548 429
548 434
548 439
548 444
548 449
548 454
548 459
548 464
548 469
548 474
538 479
533 484
528 489
523 494
518 499
513 504
513 509
513 514
513 519
513 524
513 529
513 534
513 539
513 544
513 549
513 554
513 559
513 564
513 569
513 574
513 579
513 584
513 589
513 594
513 599
513 604
513 609
513 614
513 619
513 624
513 629
513 634
513 639
513 644
513 649
513 654
513 659
513 664
513 669
518 674
523 679
528 684
533 689
538 694
543 699
548 699
553 699
558 699
563 699
568 699
573 699
578 699
583 699
588 699
593 699
598 699
603 699
608 699
613 699
618 699
623 699
628 699
633 704
638 709
643 714
648 719
653 724
658 729
658 734
658 739
658 744
658 749
658 754
658 759
658 764
658 769
658 774
658 779
658 784
658 789
658 794
658 799
658 804
658 809
658 814
658 819
658 824
658 829
658 834
658 839
663 839
668 839
673 839
678 839
683 839
688 839
693 839
698 839
703 839
708 839
713 839
718 839
723 839
728 839
733 839
738 839
743 839
748 839
753 839
758 839
763 839
768 839
773 839
778 839
783 839
788 839
793 839
798 839
803 839
808 839
813 839
818 839
823 839
828 839
833 839
838 839
843 839
848 839
853 839
858 839
863 839
873 849
878 854
883 859
888 859
893 864
898 869
903 874
908 879
913 884
913 889
913 884
913 879
918 874
918 869
918 864
918 859
918 854
918 849
918 844
918 839
918 834
918 829
918 824
918 819
918 814
918 809
918 804
918 799
918 794
918 789
918 784
918 779
918 774
918 769
918 764
918 759
918 754
918 749
918 744
918 739
918 734
918 729
918 724
918 719
918 714
918 709
918 704
918 699
918 694
918 689
918 684
918 679
918 674
918 669
918 664
918 659
918 654
918 649
918 644
918 639
918 634
918 629
918 624
918 619
918 614
918 609
913 609
918 609
923 609
923 604
923 599
918 594
918 589
918 584
918 579
918 574
918 569
918 564
918 559
918 554
918 549
918 544
918 539
918 534
918 529
918 524
918 519
918 514
918 509
918 504
918 499
918 494
918 489
918 484
918 479
918 474
918 469
918 464
918 459
918 454
918 449
918 444
918 439
918 434
918 429
918 424
918 419
918 414
918 409
918 404
918 399
918 394
918 389
918 384
918 379
918 374
918 369
918 364
918 359
918 354
918 349
918 344
918 339
918 334
918 329
918 324
918 319
923 319
928 319
933 319
938 319
943 319
948 319
953 319
958 319
963 319
968 319
973 319
978 319
983 319
988 324
993 329
998 334
1003 339
1008 344
1013 349
1018 354
1023 359
1028 364
1033 369
1038 374
1043 379
1048 384
1053 389
1058 389
1063 389
1068 389
1073 389
1078 389
1083 389
1088 389
1093 389
1098 389
1103 389
1108 389
1113 389
1118 389
1123 389
1128 389
1133 389
1138 389
1143 389
1148 389
1153 389
1158 389
1163 389
1168 389
1173 389
1178 389
1183 389
1188 389
1193 389
1198 389
1203 389
1213 399
1218 399
1223 404
1228 409
1233 414
1238 419
1243 424
1248 429
1253 434
1258 439
1263 444
1268 449
1273 454
1278 459
1283 464
1288 469
1293 474
1298 479
1303 484
1308 489
1313 494
1318 499
1323 504
1328 509
1333 514
1333 519
1338 519
1343 519
1348 519
1353 519
1358 519
1363 519
1368 519
1373 519
1378 519
1383 519
1388 519
1393 519
1398 519
1403 519
1408 519
1413 519
1418 519
1423 519
1428 519
1433 519
1438 519
1443 519
593 214
593 219
598 224
603 229
608 234
613 239
618 244
623 249
628 254
633 259
638 264
643 269
648 274
653 279
658 284
658 289
658 294
658 299
658 304
658 309
658 314
658 319
658 324
658 329
658 334
658 339
658 344
658 349
658 354
658 359
658 364
658 369
658 374
658 379
658 384
658 389
653 394
648 399
643 404
638 409
633 414
628 419
623 424
618 424
613 424
608 424
603 424
598 429
593 429
588 424
583 424
578 424
573 429
568 434
563 439
558 444
553 449
548 454
543 459
538 464
533 469
528 474
523 479
518 484
513 489
508 494
503 499
498 504
498 509
498 514
503 519
503 524
503 529
503 534
503 539
503 544
503 549
503 554
503 559
503 564
503 569
503 574
503 579
503 584
503 589
503 594
503 599
503 604
503 609
503 614
503 619
503 624
503 629
503 634
503 639
503 644
503 649
508 654
513 659
518 664
523 669
528 674
533 679
538 684
543 689
548 694
553 699
558 699
563 699
568 699
573 699
578 699
583 699
588 699
593 699
598 699
603 699
608 699
613 699
618 699
623 699
628 699
633 704
638 709
643 714
648 719
653 724
658 729
663 734
668 739
673 744
678 749
683 754
688 759
693 764
698 769
703 774
708 779
713 784
708 789
703 794
698 799
693 804
688 809
683 814
678 819
673 824
668 829
663 834
658 839
653 844
653 849
658 849
663 849
668 849
673 849
678 849
683 849
688 849
693 849
698 849
703 849
708 849
713 849
718 849
723 849
728 849
733 849
738 849
743 849
748 849
753 849
758 849
763 849
768 849
773 849
778 849
783 849
788 849
793 849
798 849
803 849
808 849
813 849
818 849
823 849
828 849
833 849
838 849
843 849
848 849
853 849
858 849
863 849
868 849
873 849
878 849
883 849
888 849
893 849
898 849
903 849
908 849
913 849
918 849
923 849
928 849
933 849
943 839
943 834
943 829
943 824
943 819
943 814
943 809
943 804
943 799
943 794
943 789
943 784
943 779
943 774
943 769
943 764
943 759
943 754
943 749
943 744
943 739
943 734
943 729
943 724
943 719
943 714
943 709
943 704
943 699
943 694
943 689
943 684
943 679
943 674
943 669
943 664
943 659
943 654
943 649
943 644
943 639
943 634
943 629
943 624
943 619
943 614
943 609
943 604
943 599
943 594
943 589
938 584
933 579
928 574
923 569
918 564
913 559
908 554
903 549
898 544
893 539
888 534
883 529
888 524
893 519
898 514
903 509
908 504
913 499
918 494
918 489
918 484
918 479
918 474
918 469
918 464
918 459
918 454
918 449
918 444
918 439
918 434
918 429
918 424
918 419
918 414
918 409
918 404
918 399
918 394
918 389
918 384
923 379
928 374
933 369
938 364
943 359
948 354
953 349
958 344
963 339
968 334
973 334
978 334
983 334
988 334
993 334
998 334
1003 334
1008 334
1013 339
1018 344
1023 349
1028 354
1033 359
1038 364
1043 369
1048 374
1053 379
1058 384
1063 389
1068 389
1073 389
1078 389
1083 389
1088 389
1093 389
1098 389
1103 389
1108 389
1113 389
1118 389
1123 389
1128 389
1133 389
1138 389
1143 389
1148 389
1153 389
1158 389
1163 389
1168 389
1173 389
1178 389
1183 389
1188 389
1193 389
1198 389
1203 389
1208 389
1213 389
1218 389
1223 389
1228 389
1233 389
1238 389
1243 389
1248 389
1253 389
1258 389
1263 389
1268 389
1273 389
1278 389
1283 389
1288 389
1293 394
1298 399
1303 404
1308 409
1313 414
1318 419
1318 424
1318 429
1318 434
1318 439
1318 444
1318 449
1318 454
1318 459
1318 464
1323 469
1328 474
1333 479
1333 484
1338 489
1338 494
1343 499
1343 504
1348 509
1353 514
1358 519
1363 524
1368 529
1373 534
1378 539
1383 544
1388 549
1393 549
1398 549
1403 544
1408 539
1413 534
1418 529
1423 524
1428 519
1433 514
1438 514
1443 519
1448 519
1453 519
1448 519
1443 519
1438 519
1433 519
1428 519
1423 519
1418 519
1413 519
1408 519
1403 519
1398 524
1398 529
1398 534
1398 539
1398 544
1398 549
1398 554
1398 559
1398 564
1398 569
1398 574
1398 579
1398 584
1398 589
1398 594
1398 599
1398 604
1398 609
1398 614
1398 619
1398 624
1398 629
1398 634
1398 639
1398 644
1398 649
1398 654
1398 659
1403 664
1408 669
1413 674
1418 679
1418 684
1418 689
1418 694
1418 699
1418 704
1423 709
1428 714
1428 719
1423 719
1418 719
1413 719
1408 719
1413 719
1418 724
1413 729
1408 734
1403 739
1398 744
1393 749
1398 749
1403 744
1408 744
1413 744
1418 744
1423 744
1428 744
1433 744
1438 744
1443 744
1448 744
1453 744
1458 739
1463 734
1468 729
1473 724
1478 724
1483 724
1488 724
1493 724
1498 724
1503 724
1508 724
1513 724
1518 724
1523 724
1528 724
1533 724
1538 724
1543 724
1548 724
1553 724
1563 734
1563 739
