471 227
471 232
471 237
471 242
471 247
471 252
471 257
471 262
471 267
471 272
471 277
471 282
471 287
471 292
471 297
471 302
471 307
471 312
471 317
471 322
471 327
471 332
471 337
471 342
471 347
471 352
471 357
471 362
471 367
471 372
471 377
471 382
471 387
471 392
471 397
471 402
471 407
471 412
471 417
471 422
476 427
481 432
486 437
491 442
496 447
501 452
506 457
511 462
516 467
521 472
526 477
531 482
536 487
541 492
546 497
551 502
556 507
561 512
561 517
561 522
566 527
571 532
576 537
581 542
586 547
591 552
596 557
596 562
596 567
596 572
596 577
596 582
596 587
596 592
596 597
596 602
596 607
596 612
596 617
596 622
596 627
596 632
596 637
596 642
596 647
596 652
596 657
596 662
596 667
596 672
596 677
601 677
606 682
611 687
616 692
621 697
626 702
631 707
636 712
641 717
646 722
646 732
641 732
636 732
631 732
626 732
621 732
616 732
611 732
606 732
601 732
596 732
591 732
586 732
581 732
576 732
571 737
566 742
561 747
556 752
551 757
546 757
541 757
536 757
531 757
526 757
521 757
516 757
511 757
506 757
501 757
496 757
491 757
486 757
481 757
476 757
471 757
466 757
461 757
456 757
451 757
446 757
441 757
436 757
431 757
426 757
421 757
416 757
411 757
406 757
401 757
396 757
391 757
386 757
381 757
376 757
381 757
386 757
391 757
396 757
401 757
406 757
411 757
416 757
421 757
426 757
431 757
436 757
441 757
446 757
451 757
456 757
461 757
466 757
471 757
476 757
481 757
486 757
491 757
496 757
501 757
506 757
511 757
516 757
521 757
526 757
531 757
536 757
541 757
546 757
551 757
556 757
561 757
566 757
571 757
576 757
581 757
586 757
591 757
596 757
601 757
606 757
611 757
616 757
621 757
626 757
631 757
636 757
641 757
646 757
651 757
656 757
661 757
666 757
671 757
676 757
681 757
686 757
691 757
696 757
701 757
706 757
711 757
716 757
721 757
726 757
731 757
736 757
741 757
746 757
751 757
756 757
761 757
766 757
771 762
781 772
786 772
791 772
796 772
801 772
806 772
811 772
816 772
821 772
826 772
831 772
836 772
836 777
841 777
841 782
846 787
846 792
851 797
851 802
856 807
866 817
871 817
876 817
881 817
886 817
891 817
896 817
901 817
906 817
911 817
916 817
921 822
926 827
931 832
936 837
941 842
946 847
951 852
956 857
961 862
961 867
966 872
971 877
976 882
981 887
986 892
991 897
996 902
1001 907
1006 912
1011 917
1016 922
1016 927
1021 932
1026 937
1031 942
1036 947
1041 952
1046 957
1051 957
1056 952
1061 947
1066 942
1071 937
1076 932
1081 927
1086 922
1091 917
1096 912
1101 912
1106 912
1111 912
1116 912
1121 912
1126 912
1131 912
1136 912
1141 912
1146 912
1151 912
1156 912
1161 912
1166 912
1171 912
1176 912
1181 912
1186 912
1191 912
1196 912
1201 912
1206 912
1211 912
1216 912
1221 907
1226 902
1231 897
1236 892
1241 892
1246 892
1251 892
1256 892
1261 892
1266 892
1271 892
1276 892
1281 892
1286 892
1291 892
1296 892
1301 892
1306 892
1311 892
1316 892
1321 892
1326 892
1331 892
1336 892
1341 892
1346 892
1351 892
1356 892
1361 892
1366 892
1371 892
1376 892
1381 892
1386 892
1391 892
1396 892
1401 892
1406 892
1411 892
1416 892
1421 892
1426 892
1431 892
1436 892
1441 892
1446 892
1451 892
1456 892
1461 892
1466 892
1471 892
1476 892
1481 892
1486 892
1491 892
1496 892
1501 892
1506 892
1511 892
1516 892
1521 892
1526 897
1531 902
1536 907
1541 912
1546 917
1551 917
1556 917
1561 922
1566 927
1566 932
1571 937
1576 937
1581 937
1586 937
1591 937
1596 937
1601 937
1606 937
1611 937
1616 937
1621 937
1626 937
1631 937
1636 937
1641 937
1646 937
1651 937
1656 937
1661 937
1666 937
1671 937
1676 937
1681 937
1686 937
1691 937
1696 937
1701 937
1706 937
1711 932
1711 927
1711 922
1716 917
1721 912
1726 907
1731 902
1736 902
1741 902
1746 902
1751 902
1756 902
1761 902
1766 902
1771 902
1776 902
1771 902
1766 902
1761 902
1756 902
1751 902
1746 902
1741 902
1736 902
1731 902
1726 902
1721 902
1716 902
1711 902
1706 902
1701 902
1701 897
1696 892
1691 887
1686 882
1681 877
1676 872
1671 867
1666 862
1661 857
1656 852
1651 847
1646 842
1641 837
1636 837
1631 837
1626 837
1621 837
1616 837
1611 832
1606 827
1601 822
1596 817
1591 812
1586 807
1581 802
1576 797
1576 792
1576 787
1576 782
1576 777
1576 772
1581 767
1586 762
1591 757
1596 752
1601 747
1606 742
1611 737
1616 732
1616 727
1616 722
1616 717
1616 712
1616 707
1616 702
1616 697
1616 692
1616 687
1616 682
1616 677
1616 672
1616 667
1616 662
1616 657
1616 652
1616 647
1616 642
1621 637
1626 632
1631 627
1636 622
1641 617
1646 612
1651 607
1656 602
1656 597
1661 597
1666 597
1671 597
1676 597
1671 597
1666 597
1661 597
1656 597
1651 597
1646 597
1641 597
1636 597
1631 597
1626 597
1621 597
1616 597
1621 597
1626 597
1631 597
1636 597
1641 597
1646 597
1651 597
1656 597
1661 597
1666 597
1671 597
1676 597
1681 597
1686 597
1691 597
1701 587
1701 582
1701 577
1701 572
1701 567
1701 562
1701 557
1701 552
1701 547
1701 542
1701 537
1701 532
1701 527
1701 522
1701 517
1701 512
1701 507
1701 502
1691 492
1686 487
1681 482
1676 477
1671 472
1666 467
1661 462
1656 457
1651 452
1651 447
1651 442
1651 437
1651 432
1651 427
1651 422
1651 417
1651 412
1651 407
1651 402
1651 397
1651 392
1651 387
1651 382
1651 377
1651 372
1651 367
1651 362
1651 357
1651 352
1651 347
1651 342
1651 337
1651 332
1651 327
1651 322
1651 317
1651 312
1651 307
1651 302
1651 297
1651 292
1651 287
1651 282
1651 277
1651 272
1651 267
1656 267
1656 262
1656 257
1656 252
1656 247
1656 242
1656 237
1656 232
1656 227
1656 222
1651 217
1646 217
1641 217
1636 217
1631 217
1626 217
1621 217
1616 217
1611 217
1606 217
1601 217
1596 217
1591 217
1586 217
1581 217
1576 217
1571 217
1566 217
1561 217
1556 217
1551 217
1546 217
1541 217
1536 217
1531 217
1526 217
1521 217
1516 217
1511 217
1506 217
1501 217
1496 217
1491 217
1486 217
1481 217
1476 217
1471 217
1466 217
1461 217
1456 217
1451 217
1446 217
1441 217
1436 217
1431 222
1431 227
1431 232
1431 237
1431 242
1431 247
1431 252
1431 257
1431 262
1431 267
1431 272
1436 277
1441 282
1446 287
1451 292
1456 297
1461 302
1466 307
1471 312
1476 317
1481 322
1476 327
1471 332
1466 337
1461 342
1456 347
1451 352
1446 357
1441 362
1436 367
1436 372
1441 372
1446 377
1441 382
1436 387
1431 392
1426 397
1421 402
1416 407
1411 412
1406 417
1401 422
1396 427
1391 432
1386 437
1381 442
1386 437
1391 432
1396 427
1401 422
1406 417
1411 412
1416 407
1421 402
1426 397
1431 392
1436 392
1441 387
1446 382
1451 377
1456 372
1461 367
1461 362
1461 357
1451 347
1446 342
1441 337
1436 332
1436 327
1436 322
1431 317
1426 312
1421 307
1416 302
1411 297
1406 292
1401 287
1396 282
1391 277
1386 272
1381 267
1376 262
1371 257
1366 252
1361 247
1356 242
1351 237
1346 232
1341 227
1336 222
1331 217
1326 212
1321 212
1316 212
1311 212
1306 212
1301 212
1296 212
1291 212
1286 212
1281 212
1276 212
1271 212
1266 212
1261 212
1256 212
1251 212
1246 212
1241 212
1236 212
1231 212
1226 212
1221 212
1216 212
1211 212
1206 212
1201 212
1196 212
1191 212
1186 212
1181 212
1176 212
1171 212
1166 212
1161 217
1156 222
1151 227
1146 232
1141 237
1136 242
1131 247
1126 252
1121 257
1116 262
1111 267
1106 267
1101 262
1096 257
1091 252
1086 247
1081 242
1076 237
1071 232
1066 227
1061 222
1056 217
1051 212
1051 207
1056 202
1061 202
1066 202
1071 202
1076 202
1081 202
1086 202
1091 202
1096 202
1101 202
1106 197
